916
740 777
428 390
505 835
567 392
203 519
729 45
158 710
198 403
659 285
53 652
847 119
671 396
295 425
291 699
168 54
6 42
605 632
98 110
688 203
162 133
364 174
827 758
812 894
759 11
262 210
14 10
47 188
359 603
686 539
390 333
513 486
67 129
779 504
169 177
498 587
582 53
307 824
463 237
18 9
73 52
164 93
656 881
673 829
47 13
653 282
543 304
628 182
893 210
406 385
594 788
237 516
31 25
440 186
546 96
336 205
715 159
296 664
636 109
722 60
522 287
833 187
329 486
171 855
740 850
568 145
329 782
48 69
260 491
292 140
336 736
45 283
109 584
691 12
169 133
811 553
377 783
423 903
698 2
450 378
8 3
524 240
16 8
677 163
503 869
630 446
167 7
246 140
7 71
5 2
224 114
842 581
53 65
189 47
2 10
23 78
220 321
261 212
915 4
256 191
5 51
897 631
4 9
431 246
550 713
645 765
826 528
76 34
407 762
37 25
372 580
326 475
383 245
20 15
11 172
316 9
365 321
5 6
104 47
563 662
44 285
219 164
175 479
407 394
723 560
72 620
416 38
694 270
264 399
51 532
622 486
3 79
339 415
457 198
70 175
384 793
165 176
393 2
26 307
42 245
839 789
446 221
29 52
237 467
607 644
199 2
96 273
405 380
205 433
68 790
33 30
325 452
6 186
360 72
17 121
214 181
131 128
326 640
32 109
684 119
527 374
3 66
2 38
880 63
312 22
26 15
58 152
94 436
94 718
75 703
521 190
5 325
38 487
909 7
146 258
768 385
282 443
876 486
220 570
169 682
267 242
74 61
136 42
770 515
313 229
294 245
585 776
356 153
868 67
327 281
116 481
843 364
673 573
341 358
898 592
194 239
145 143
573 180
854 554
631 308
884 27
733 752
200 544
86 196
250 363
663 639
501 508
196 272
490 702
418 530
656 532
451 238
245 280
726 55
300 284
113 669
158 106
80 322
72 480
75 345
667 483
22 187
704 210
157 59
700 159
232 504
460 84
290 155
21 43
581 8
93 90
180 287
119 93
226 330
659 755
26 171
62 198
353 20
557 529
585 384
510 477
253 690
3 13
166 799
435 17
6 61
275 323
609 326
293 889
540 904
542 470
27 236
195 172
695 641
460 739
772 458
848 335
59 36
598 214
304 121
54 781
201 118
812 178
484 429
62 58
554 132
200 134
90 537
72 115
30 105
316 578
696 494
355 171
728 552
181 836
905 319
62 417
271 261
867 739
11 67
182 303
65 668
502 163
1 2
63 124
19 326
146 17
90 250
825 450
464 108
205 260
213 916
72 229
118 64
100 804
294 604
780 518
396 42
160 453
160 853
347 122
565 128
78 648
358 400
106 243
183 410
666 547
442 47
248 291
183 797
108 95
556 548
477 320
421 267
533 633
41 142
579 731
176 386
675 218
15 5
249 769
357 473
349 874
574 245
560 505
76 111
441 803
179 112
820 106
625 586
70 66
238 76
208 30
233 264
112 153
249 132
511 458
97 621
95 1
401 53
178 93
144 128
6 634
39 563
162 255
212 357
882 574
320 268
304 349
514 12
1 107
403 816
84 24
471 910
203 217
697 424
63 165
907 361
801 277
180 132
520 289
627 320
68 160
702 740
538 46
579 150
708 712
614 553
112 54
117 528
40 100
439 157
641 626
114 72
304 444
5 259
21 6
253 441
368 156
531 364
290 490
536 41
284 180
535 864
94 733
497 305
11 41
331 268
757 877
331 341
53 91
311 830
308 221
674 342
434 370
492 349
2 49
746 757
3 27
312 338
767 27
156 77
109 148
46 485
277 110
81 51
662 911
597 84
558 68
72 13
305 123
666 901
361 62
649 585
315 191
892 307
218 167
615 323
566 459
412 705
205 335
384 178
190 395
366 496
124 340
841 631
690 856
311 185
252 149
512 784
689 567
38 89
34 83
182 420
483 163
729 810
37 120
52 155
685 97
252 763
12 2
71 77
463 870
303 505
295 13
39 36
279 120
97 297
173 389
745 411
575 401
14 101
294 595
724 587
335 529
20 23
71 747
8 54
171 534
834 468
135 19
433 503
504 541
701 508
105 232
9 137
45 11
203 83
819 409
517 256
113 301
46 398
253 69
623 388
233 489
470 438
36 21
367 341
257 79
52 97
655 650
112 872
891 688
626 490
237 66
38 750
73 103
778 587
555 381
618 233
52 466
310 46
4 63
526 98
703 866
68 96
113 1
735 91
362 91
900 806
748 99
55 38
773 68
130 69
100 207
116 233
23 50
141 58
45 498
328 381
58 125
219 607
286 222
212 183
885 777
36 88
282 120
206 220
25 57
161 251
489 619
82 3
112 182
351 249
808 702
840 906
230 167
613 286
612 806
355 794
624 563
817 862
179 419
639 415
270 121
92 47
116 204
40 2
223 28
638 46
173 887
343 134
149 359
115 429
656 896
266 114
512 243
795 564
592 154
87 61
437 248
154 69
786 437
112 192
85 883
39 374
385 506
231 147
687 260
805 610
344 20
149 276
84 309
545 583
49 139
859 32
173 749
153 265
471 571
153 744
397 616
577 118
207 235
406 552
672 289
225 77
914 774
680 311
17 9
730 546
33 193
309 707
55 263
90 234
589 231
711 913
30 16
163 693
701 751
163 15
232 350
62 708
299 148
56 27
32 6
54 813
34 296
679 12
39 58
611 241
19 25
128 66
476 460
861 129
226 196
132 13
438 120
382 430
182 863
472 251
738 132
522 741
743 635
600 414
528 665
354 214
4 106
275 89
469 376
603 727
7 647
809 38
23 376
1 3
488 234
118 278
11 86
208 215
547 851
610 113
82 185
737 94
271 409
886 665
509 408
754 481
593 28
132 823
857 326
126 454
189 371
818 423
83 161
631 840
87 461
39 456
286 314
195 397
124 216
792 552
462 230
254 91
194 115
35 26
758 612
319 41
438 676
87 274
19 2
154 760
245 387
55 149
181 175
254 427
764 168
190 165
71 346
902 844
60 18
404 507
183 121
696 789
11 2
248 87
717 543
69 134
48 64
521 721
306 183
21 550
899 585
237 247
104 888
414 374
533 530
45 500
88 197
62 832
161 523
138 20
313 635
293 222
391 290
379 130
288 107
860 272
815 568
598 637
878 564
844 375
361 495
221 203
47 814
236 791
382 72
404 162
515 97
85 79
423 338
98 692
168 408
547 48
206 41
38 822
35 324
231 796
356 518
852 839
151 7
245 269
525 364
482 318
538 564
89 756
24 298
14 629
241 139
162 166
50 75
59 352
3 24
1 48
115 746
133 129
875 152
612 478
577 775
645 513
19 98
289 493
439 468
219 445
60 458
102 67
356 908
191 130
7 1
845 387
289 63
285 646
601 771
173 13
169 588
753 204
719 360
317 275
114 127
181 539
761 571
257 599
35 413
211 55
68 52
302 164
150 78
99 50
190 548
766 46
348 5
116 111
78 683
651 630
146 432
198 471
494 433
137 800
501 279
38 44
802 499
264 447
46 143
94 228
73 606
553 79
112 879
551 871
709 504
6 53
695 865
81 478
103 449
69 658
545 32
144 720
19 602
394 193
107 424
711 119
575 605
48 184
601 282
147 17
492 576
181 380
419 591
681 679
239 540
377 139
52 369
328 282
643 405
664 798
895 543
222 642
459 89
329 145
159 35
572 467
412 112
38 46
159 205
481 586
93 210
189 706
367 732
243 821
485 650
122 50
22 7
716 520
85 202
594 388
714 599
113 837
734 298
333 53
408 858
562 186
338 657
817 492
133 787
328 465
559 103
846 754
65 334
130 240
232 654
3 411
80 22
332 214
373 225
451 670
596 318
170 742
228 370
170 147
569 283
268 222
660 322
418 358
257 561
27 499
270 426
342 288
244 194
556 890
117 15
455 277
838 556
94 4
2 34
4 227
388 84
4 1
378 114
617 345
406 678
318 154
355 590
7 29
608 338
123 42
151 242
500 828
774 726
356 402
912 477
33 392
209 19
90 81
785 132
661 461
486 535
213 141
236 807
372 39
222 205
614 873
777 831
41 126
556 849
